179,1,,135,train,1220,1220,72120
563,1,,864,train,1220,1220,462770
507,1,,254,train,1220,1220,132220
433,1,,665,train,1220,1220,354590
979,1,,149,train,1220,1220,78130
938,1,,535,train,1220,1220,288480
856,1,,106,train,1220,1220,54090
171,1,,289,train,1220,1220,156260
166,1,,582,train,1220,1220,312520
537,1,,425,train,1220,1220,228380
136,1,,76,train,1220,1220,36060
97,1,,1000,train,1220,1220,540900
139,1,,365,train,1220,1220,192320
309,1,,611,train,1220,1220,324540
677,1,,91,train,1220,1220,48080
204,1,,1000,train,1220,1220,540900
657,1,,101,train,1220,1220,54090
149,1,,623,train,1220,1220,336560
384,1,,1000,train,1220,1220,540900
673,1,,1000,train,1220,1220,540900
415,2,,22,train,1220,1220,6010
647,2,,30,train,1220,1220,12020
515,2,,461,train,1220,1220,246410
11,2,,43,train,1220,1220,18030
167,2,,469,train,1220,1220,252420
622,2,,1000,train,1220,1220,540900
563,2,,864,train,1220,1220,462770
851,2,,157,train,1220,1220,84140
578,2,,42,train,1220,1220,18030
726,2,,79,train,1220,1220,42070
469,2,,232,train,1220,1220,120200
849,2,,582,train,1220,1220,312520
171,2,,289,train,1220,1220,156260
348,2,,138,train,1220,1220,72120
545,2,,210,train,1220,1220,108180
97,2,,1000,train,1220,1220,540900
139,2,,365,train,1220,1220,192320
943,2,,290,train,1220,1220,156260
176,2,,95,train,1220,1220,48080
50,2,,157,train,1220,1220,84140
515,3,,461,train,1220,1220,246410
146,3,,15,train,1220,1220,6010
286,3,,187,train,1220,1220,96160
578,3,,42,train,1220,1220,18030
310,3,,126,train,1220,1220,66110
427,3,,126,train,1220,1220,66110
171,3,,289,train,1220,1220,156260
7,3,,153,train,1220,1220,78130
971,3,,195,train,1220,1220,102170
166,3,,582,train,1220,1220,312520
881,3,,235,train,1220,1220,126210
97,3,,1000,train,1220,1220,540900
204,3,,1000,train,1220,1220,540900
407,3,,176,train,1220,1220,90150
212,3,,537,train,1220,1220,288480
593,3,,1000,train,1220,1220,540900
867,3,,991,train,1220,1220,534890
384,3,,1000,train,1220,1220,540900
653,3,,96,train,1220,1220,48080
365,3,,99,train,1220,1220,48080
25,4,,395,train,1220,1220,210350
179,4,,135,train,1220,1220,72120
515,4,,461,train,1220,1220,246410
622,4,,1000,train,1220,1220,540900
563,4,,864,train,1220,1220,462770
369,4,,268,train,1220,1220,144240
736,4,,1000,train,1220,1220,540900
694,4,,73,train,1220,1220,36060
157,4,,291,train,1220,1220,156260
357,4,,235,train,1220,1220,126210
849,4,,582,train,1220,1220,312520
370,4,,731,train,1220,1220,390650
201,4,,19,train,1220,1220,6010
97,4,,1000,train,1220,1220,540900
875,4,,25,train,1220,1220,12020
940,4,,775,train,1220,1220,414690
384,4,,1000,train,1220,1220,540900
607,4,,333,train,1220,1220,174290
161,4,,32,train,1220,1220,12020
821,4,,1000,train,1220,1220,540900
626,5,,53,train,1220,1220,24040
167,5,,469,train,1220,1220,252420
645,5,,19,train,1220,1220,6010
507,5,,254,train,1220,1220,132220
433,5,,665,train,1220,1220,354590
102,5,,614,train,1220,1220,330550
856,5,,106,train,1220,1220,54090
166,5,,582,train,1220,1220,312520
642,5,,119,train,1220,1220,60100
97,5,,1000,train,1220,1220,540900
943,5,,290,train,1220,1220,156260
677,5,,91,train,1220,1220,48080
204,5,,1000,train,1220,1220,540900
390,5,,378,train,1220,1220,204340
867,5,,991,train,1220,1220,534890
214,5,,58,train,1220,1220,30050
942,5,,106,train,1220,1220,54090
384,5,,1000,train,1220,1220,540900
251,5,,134,train,1220,1220,72120
673,5,,1000,train,1220,1220,540900
415,6,,22,train,1220,1220,6010
647,6,,30,train,1220,1220,12020
515,6,,461,train,1220,1220,246410
11,6,,43,train,1220,1220,18030
167,6,,469,train,1220,1220,252420
622,6,,1000,train,1220,1220,540900
563,6,,864,train,1220,1220,462770
851,6,,157,train,1220,1220,84140
578,6,,42,train,1220,1220,18030
726,6,,79,train,1220,1220,42070
469,6,,232,train,1220,1220,120200
849,6,,582,train,1220,1220,312520
171,6,,289,train,1220,1220,156260
348,6,,138,train,1220,1220,72120
545,6,,210,train,1220,1220,108180
97,6,,1000,train,1220,1220,540900
139,6,,365,train,1220,1220,192320
943,6,,290,train,1220,1220,156260
176,6,,95,train,1220,1220,48080
50,6,,157,train,1220,1220,84140
515,7,,461,train,1220,1220,246410
146,7,,15,train,1220,1220,6010
286,7,,187,train,1220,1220,96160
578,7,,42,train,1220,1220,18030
310,7,,126,train,1220,1220,66110
427,7,,126,train,1220,1220,66110
171,7,,289,train,1220,1220,156260
7,7,,153,train,1220,1220,78130
971,7,,195,train,1220,1220,102170
166,7,,582,train,1220,1220,312520
881,7,,235,train,1220,1220,126210
97,7,,1000,train,1220,1220,540900
204,7,,1000,train,1220,1220,540900
407,7,,176,train,1220,1220,90150
212,7,,537,train,1220,1220,288480
593,7,,1000,train,1220,1220,540900
867,7,,991,train,1220,1220,534890
384,7,,1000,train,1220,1220,540900
653,7,,96,train,1220,1220,48080
365,7,,99,train,1220,1220,48080
415,8,,22,train,1220,1220,6010
647,8,,30,train,1220,1220,12020
515,8,,461,train,1220,1220,246410
11,8,,43,train,1220,1220,18030
167,8,,469,train,1220,1220,252420
622,8,,1000,train,1220,1220,540900
563,8,,864,train,1220,1220,462770
851,8,,157,train,1220,1220,84140
578,8,,42,train,1220,1220,18030
726,8,,79,train,1220,1220,42070
469,8,,232,train,1220,1220,120200
849,8,,582,train,1220,1220,312520
171,8,,289,train,1220,1220,156260
348,8,,138,train,1220,1220,72120
545,8,,210,train,1220,1220,108180
97,8,,1000,train,1220,1220,540900
139,8,,365,train,1220,1220,192320
943,8,,290,train,1220,1220,156260
176,8,,95,train,1220,1220,48080
50,8,,157,train,1220,1220,84140
515,9,,461,train,1220,1220,246410
146,9,,15,train,1220,1220,6010
286,9,,187,train,1220,1220,96160
578,9,,42,train,1220,1220,18030
310,9,,126,train,1220,1220,66110
427,9,,126,train,1220,1220,66110
171,9,,289,train,1220,1220,156260
7,9,,153,train,1220,1220,78130
971,9,,195,train,1220,1220,102170
166,9,,582,train,1220,1220,312520
881,9,,235,train,1220,1220,126210
97,9,,1000,train,1220,1220,540900
204,9,,1000,train,1220,1220,540900
407,9,,176,train,1220,1220,90150
212,9,,537,train,1220,1220,288480
593,9,,1000,train,1220,1220,540900
867,9,,991,train,1220,1220,534890
384,9,,1000,train,1220,1220,540900
653,9,,96,train,1220,1220,48080
365,9,,99,train,1220,1220,48080
25,10,,395,train,1220,1220,210350
179,10,,135,train,1220,1220,72120
515,10,,461,train,1220,1220,246410
622,10,,1000,train,1220,1220,540900
563,10,,864,train,1220,1220,462770
369,10,,268,train,1220,1220,144240
736,10,,1000,train,1220,1220,540900
694,10,,73,train,1220,1220,36060
157,10,,291,train,1220,1220,156260
357,10,,235,train,1220,1220,126210
849,10,,582,train,1220,1220,312520
370,10,,731,train,1220,1220,390650
201,10,,19,train,1220,1220,6010
97,10,,1000,train,1220,1220,540900
875,10,,25,train,1220,1220,12020
940,10,,775,train,1220,1220,414690
384,10,,1000,train,1220,1220,540900
607,10,,333,train,1220,1220,174290
161,10,,32,train,1220,1220,12020
821,10,,1000,train,1220,1220,540900
626,11,,53,train,1220,1220,24040
167,11,,469,train,1220,1220,252420
645,11,,19,train,1220,1220,6010
507,11,,254,train,1220,1220,132220
433,11,,665,train,1220,1220,354590
102,11,,614,train,1220,1220,330550
856,11,,106,train,1220,1220,54090
166,11,,582,train,1220,1220,312520
642,11,,119,train,1220,1220,60100
97,11,,1000,train,1220,1220,540900
943,11,,290,train,1220,1220,156260
677,11,,91,train,1220,1220,48080
204,11,,1000,train,1220,1220,540900
390,11,,378,train,1220,1220,204340
867,11,,991,train,1220,1220,534890
214,11,,58,train,1220,1220,30050
942,11,,106,train,1220,1220,54090
384,11,,1000,train,1220,1220,540900
251,11,,134,train,1220,1220,72120
673,11,,1000,train,1220,1220,540900
90,12,,80,train,1220,1220,42070
507,12,,254,train,1220,1220,132220
846,12,,33,train,1220,1220,12020
286,12,,187,train,1220,1220,96160
433,12,,665,train,1220,1220,354590
102,12,,614,train,1220,1220,330550
310,12,,126,train,1220,1220,66110
171,12,,289,train,1220,1220,156260
7,12,,153,train,1220,1220,78130
881,12,,235,train,1220,1220,126210
97,12,,1000,train,1220,1220,540900
354,12,,496,train,1220,1220,264440
212,12,,537,train,1220,1220,288480
593,12,,1000,train,1220,1220,540900
867,12,,991,train,1220,1220,534890
384,12,,1000,train,1220,1220,540900
552,12,,150,train,1220,1220,78130
653,12,,96,train,1220,1220,48080
669,12,,349,train,1220,1220,186310
574,12,,211,train,1220,1220,108180
508,13,,171,train,1220,1220,90150
515,13,,461,train,1220,1220,246410
110,13,,186,train,1220,1220,96160
286,13,,187,train,1220,1220,96160
578,13,,42,train,1220,1220,18030
736,13,,1000,train,1220,1220,540900
938,13,,535,train,1220,1220,288480
694,13,,73,train,1220,1220,36060
956,13,,35,train,1220,1220,18030
427,13,,126,train,1220,1220,66110
240,13,,349,train,1220,1220,186310
971,13,,195,train,1220,1220,102170
892,13,,1000,train,1220,1220,540900
166,13,,582,train,1220,1220,312520
537,13,,425,train,1220,1220,228380
413,13,,44,train,1220,1220,18030
204,13,,1000,train,1220,1220,540900
593,13,,1000,train,1220,1220,540900
384,13,,1000,train,1220,1220,540900
858,13,,315,train,1220,1220,168280
415,14,,22,train,1220,1220,6010
647,14,,30,train,1220,1220,12020
515,14,,461,train,1220,1220,246410
11,14,,43,train,1220,1220,18030
167,14,,469,train,1220,1220,252420
622,14,,1000,train,1220,1220,540900
563,14,,864,train,1220,1220,462770
851,14,,157,train,1220,1220,84140
578,14,,42,train,1220,1220,18030
726,14,,79,train,1220,1220,42070
469,14,,232,train,1220,1220,120200
849,14,,582,train,1220,1220,312520
171,14,,289,train,1220,1220,156260
348,14,,138,train,1220,1220,72120
545,14,,210,train,1220,1220,108180
97,14,,1000,train,1220,1220,540900
139,14,,365,train,1220,1220,192320
943,14,,290,train,1220,1220,156260
176,14,,95,train,1220,1220,48080
50,14,,157,train,1220,1220,84140
25,15,,395,train,1220,1220,210350
179,15,,135,train,1220,1220,72120
515,15,,461,train,1220,1220,246410
622,15,,1000,train,1220,1220,540900
563,15,,864,train,1220,1220,462770
369,15,,268,train,1220,1220,144240
736,15,,1000,train,1220,1220,540900
694,15,,73,train,1220,1220,36060
157,15,,291,train,1220,1220,156260
357,15,,235,train,1220,1220,126210
849,15,,582,train,1220,1220,312520
370,15,,731,train,1220,1220,390650
201,15,,19,train,1220,1220,6010
97,15,,1000,train,1220,1220,540900
875,15,,25,train,1220,1220,12020
940,15,,775,train,1220,1220,414690
384,15,,1000,train,1220,1220,540900
607,15,,333,train,1220,1220,174290
161,15,,32,train,1220,1220,12020
821,15,,1000,train,1220,1220,540900
508,16,,171,train,1220,1220,90150
25,16,,395,train,1220,1220,210350
644,16,,1000,train,1220,1220,540900
326,16,,321,train,1220,1220,168280
938,16,,535,train,1220,1220,288480
469,16,,232,train,1220,1220,120200
7,16,,153,train,1220,1220,78130
240,16,,349,train,1220,1220,186310
892,16,,1000,train,1220,1220,540900
537,16,,425,train,1220,1220,228380
354,16,,496,train,1220,1220,264440
176,16,,95,train,1220,1220,48080
940,16,,775,train,1220,1220,414690
212,16,,537,train,1220,1220,288480
384,16,,1000,train,1220,1220,540900
94,16,,522,train,1220,1220,276460
787,16,,57,train,1220,1220,30050
414,16,,551,train,1220,1220,294490
858,16,,315,train,1220,1220,168280
821,16,,1000,train,1220,1220,540900
276,17,,154,train,1220,1220,78130
515,17,,461,train,1220,1220,246410
70,17,,9,train,1220,1220,0
729,17,,89,train,1220,1220,48080
736,17,,1000,train,1220,1220,540900
585,17,,351,train,1220,1220,186310
522,17,,47,train,1220,1220,24040
7,17,,153,train,1220,1220,78130
892,17,,1000,train,1220,1220,540900
537,17,,425,train,1220,1220,228380
85,17,,787,train,1220,1220,420700
97,17,,1000,train,1220,1220,540900
471,17,,27,train,1220,1220,12020
204,17,,1000,train,1220,1220,540900
149,17,,623,train,1220,1220,336560
390,17,,378,train,1220,1220,204340
867,17,,991,train,1220,1220,534890
942,17,,106,train,1220,1220,54090
384,17,,1000,train,1220,1220,540900
251,17,,134,train,1220,1220,72120
90,18,,80,train,1220,1220,42070
507,18,,254,train,1220,1220,132220
846,18,,33,train,1220,1220,12020
286,18,,187,train,1220,1220,96160
433,18,,665,train,1220,1220,354590
102,18,,614,train,1220,1220,330550
310,18,,126,train,1220,1220,66110
171,18,,289,train,1220,1220,156260
7,18,,153,train,1220,1220,78130
881,18,,235,train,1220,1220,126210
97,18,,1000,train,1220,1220,540900
354,18,,496,train,1220,1220,264440
212,18,,537,train,1220,1220,288480
593,18,,1000,train,1220,1220,540900
867,18,,991,train,1220,1220,534890
384,18,,1000,train,1220,1220,540900
552,18,,150,train,1220,1220,78130
653,18,,96,train,1220,1220,48080
669,18,,349,train,1220,1220,186310
574,18,,211,train,1220,1220,108180
508,19,,171,train,1220,1220,90150
515,19,,461,train,1220,1220,246410
110,19,,186,train,1220,1220,96160
286,19,,187,train,1220,1220,96160
578,19,,42,train,1220,1220,18030
736,19,,1000,train,1220,1220,540900
938,19,,535,train,1220,1220,288480
694,19,,73,train,1220,1220,36060
956,19,,35,train,1220,1220,18030
427,19,,126,train,1220,1220,66110
240,19,,349,train,1220,1220,186310
971,19,,195,train,1220,1220,102170
892,19,,1000,train,1220,1220,540900
166,19,,582,train,1220,1220,312520
537,19,,425,train,1220,1220,228380
413,19,,44,train,1220,1220,18030
204,19,,1000,train,1220,1220,540900
593,19,,1000,train,1220,1220,540900
384,19,,1000,train,1220,1220,540900
858,19,,315,train,1220,1220,168280
415,20,,22,train,1220,1220,6010
647,20,,30,train,1220,1220,12020
515,20,,461,train,1220,1220,246410
11,20,,43,train,1220,1220,18030
167,20,,469,train,1220,1220,252420
622,20,,1000,train,1220,1220,540900
563,20,,864,train,1220,1220,462770
851,20,,157,train,1220,1220,84140
578,20,,42,train,1220,1220,18030
726,20,,79,train,1220,1220,42070
469,20,,232,train,1220,1220,120200
849,20,,582,train,1220,1220,312520
171,20,,289,train,1220,1220,156260
348,20,,138,train,1220,1220,72120
545,20,,210,train,1220,1220,108180
97,20,,1000,train,1220,1220,540900
139,20,,365,train,1220,1220,192320
943,20,,290,train,1220,1220,156260
176,20,,95,train,1220,1220,48080
50,20,,157,train,1220,1220,84140
25,21,,395,train,1220,1220,210350
179,21,,135,train,1220,1220,72120
515,21,,461,train,1220,1220,246410
622,21,,1000,train,1220,1220,540900
563,21,,864,train,1220,1220,462770
369,21,,268,train,1220,1220,144240
736,21,,1000,train,1220,1220,540900
694,21,,73,train,1220,1220,36060
157,21,,291,train,1220,1220,156260
357,21,,235,train,1220,1220,126210
849,21,,582,train,1220,1220,312520
370,21,,731,train,1220,1220,390650
201,21,,19,train,1220,1220,6010
97,21,,1000,train,1220,1220,540900
875,21,,25,train,1220,1220,12020
940,21,,775,train,1220,1220,414690
384,21,,1000,train,1220,1220,540900
607,21,,333,train,1220,1220,174290
161,21,,32,train,1220,1220,12020
821,21,,1000,train,1220,1220,540900
415,22,,22,train,1220,1220,6010
647,22,,30,train,1220,1220,12020
515,22,,461,train,1220,1220,246410
11,22,,43,train,1220,1220,18030
167,22,,469,train,1220,1220,252420
622,22,,1000,train,1220,1220,540900
563,22,,864,train,1220,1220,462770
851,22,,157,train,1220,1220,84140
578,22,,42,train,1220,1220,18030
726,22,,79,train,1220,1220,42070
469,22,,232,train,1220,1220,120200
849,22,,582,train,1220,1220,312520
171,22,,289,train,1220,1220,156260
348,22,,138,train,1220,1220,72120
545,22,,210,train,1220,1220,108180
97,22,,1000,train,1220,1220,540900
139,22,,365,train,1220,1220,192320
943,22,,290,train,1220,1220,156260
176,22,,95,train,1220,1220,48080
50,22,,157,train,1220,1220,84140
515,23,,461,train,1220,1220,246410
146,23,,15,train,1220,1220,6010
286,23,,187,train,1220,1220,96160
578,23,,42,train,1220,1220,18030
310,23,,126,train,1220,1220,66110
427,23,,126,train,1220,1220,66110
171,23,,289,train,1220,1220,156260
7,23,,153,train,1220,1220,78130
971,23,,195,train,1220,1220,102170
166,23,,582,train,1220,1220,312520
881,23,,235,train,1220,1220,126210
97,23,,1000,train,1220,1220,540900
204,23,,1000,train,1220,1220,540900
407,23,,176,train,1220,1220,90150
212,23,,537,train,1220,1220,288480
593,23,,1000,train,1220,1220,540900
867,23,,991,train,1220,1220,534890
384,23,,1000,train,1220,1220,540900
653,23,,96,train,1220,1220,48080
365,23,,99,train,1220,1220,48080
25,24,,395,train,1220,1220,210350
179,24,,135,train,1220,1220,72120
515,24,,461,train,1220,1220,246410
622,24,,1000,train,1220,1220,540900
563,24,,864,train,1220,1220,462770
369,24,,268,train,1220,1220,144240
736,24,,1000,train,1220,1220,540900
694,24,,73,train,1220,1220,36060
157,24,,291,train,1220,1220,156260
357,24,,235,train,1220,1220,126210
849,24,,582,train,1220,1220,312520
370,24,,731,train,1220,1220,390650
201,24,,19,train,1220,1220,6010
97,24,,1000,train,1220,1220,540900
875,24,,25,train,1220,1220,12020
940,24,,775,train,1220,1220,414690
384,24,,1000,train,1220,1220,540900
607,24,,333,train,1220,1220,174290
161,24,,32,train,1220,1220,12020
821,24,,1000,train,1220,1220,540900
626,25,,53,train,1220,1220,24040
167,25,,469,train,1220,1220,252420
645,25,,19,train,1220,1220,6010
507,25,,254,train,1220,1220,132220
433,25,,665,train,1220,1220,354590
102,25,,614,train,1220,1220,330550
856,25,,106,train,1220,1220,54090
166,25,,582,train,1220,1220,312520
642,25,,119,train,1220,1220,60100
97,25,,1000,train,1220,1220,540900
943,25,,290,train,1220,1220,156260
677,25,,91,train,1220,1220,48080
204,25,,1000,train,1220,1220,540900
390,25,,378,train,1220,1220,204340
867,25,,991,train,1220,1220,534890
214,25,,58,train,1220,1220,30050
942,25,,106,train,1220,1220,54090
384,25,,1000,train,1220,1220,540900
251,25,,134,train,1220,1220,72120
673,25,,1000,train,1220,1220,540900
415,26,,22,train,1220,1220,6010
647,26,,30,train,1220,1220,12020
515,26,,461,train,1220,1220,246410
11,26,,43,train,1220,1220,18030
167,26,,469,train,1220,1220,252420
622,26,,1000,train,1220,1220,540900
563,26,,864,train,1220,1220,462770
851,26,,157,train,1220,1220,84140
578,26,,42,train,1220,1220,18030
726,26,,79,train,1220,1220,42070
469,26,,232,train,1220,1220,120200
849,26,,582,train,1220,1220,312520
171,26,,289,train,1220,1220,156260
348,26,,138,train,1220,1220,72120
545,26,,210,train,1220,1220,108180
97,26,,1000,train,1220,1220,540900
139,26,,365,train,1220,1220,192320
943,26,,290,train,1220,1220,156260
176,26,,95,train,1220,1220,48080
50,26,,157,train,1220,1220,84140
515,27,,461,train,1220,1220,246410
146,27,,15,train,1220,1220,6010
286,27,,187,train,1220,1220,96160
578,27,,42,train,1220,1220,18030
310,27,,126,train,1220,1220,66110
427,27,,126,train,1220,1220,66110
171,27,,289,train,1220,1220,156260
7,27,,153,train,1220,1220,78130
971,27,,195,train,1220,1220,102170
166,27,,582,train,1220,1220,312520
881,27,,235,train,1220,1220,126210
97,27,,1000,train,1220,1220,540900
204,27,,1000,train,1220,1220,540900
407,27,,176,train,1220,1220,90150
212,27,,537,train,1220,1220,288480
593,27,,1000,train,1220,1220,540900
867,27,,991,train,1220,1220,534890
384,27,,1000,train,1220,1220,540900
653,27,,96,train,1220,1220,48080
365,27,,99,train,1220,1220,48080
25,28,,395,train,1220,1220,210350
179,28,,135,train,1220,1220,72120
515,28,,461,train,1220,1220,246410
622,28,,1000,train,1220,1220,540900
563,28,,864,train,1220,1220,462770
369,28,,268,train,1220,1220,144240
736,28,,1000,train,1220,1220,540900
694,28,,73,train,1220,1220,36060
157,28,,291,train,1220,1220,156260
357,28,,235,train,1220,1220,126210
849,28,,582,train,1220,1220,312520
370,28,,731,train,1220,1220,390650
201,28,,19,train,1220,1220,6010
97,28,,1000,train,1220,1220,540900
875,28,,25,train,1220,1220,12020
940,28,,775,train,1220,1220,414690
384,28,,1000,train,1220,1220,540900
607,28,,333,train,1220,1220,174290
161,28,,32,train,1220,1220,12020
821,28,,1000,train,1220,1220,540900
415,29,,22,train,1220,1220,6010
647,29,,30,train,1220,1220,12020
515,29,,461,train,1220,1220,246410
11,29,,43,train,1220,1220,18030
167,29,,469,train,1220,1220,252420
622,29,,1000,train,1220,1220,540900
563,29,,864,train,1220,1220,462770
851,29,,157,train,1220,1220,84140
578,29,,42,train,1220,1220,18030
726,29,,79,train,1220,1220,42070
469,29,,232,train,1220,1220,120200
849,29,,582,train,1220,1220,312520
171,29,,289,train,1220,1220,156260
348,29,,138,train,1220,1220,72120
545,29,,210,train,1220,1220,108180
97,29,,1000,train,1220,1220,540900
139,29,,365,train,1220,1220,192320
943,29,,290,train,1220,1220,156260
176,29,,95,train,1220,1220,48080
50,29,,157,train,1220,1220,84140
25,30,,395,train,1220,1220,210350
179,30,,135,train,1220,1220,72120
515,30,,461,train,1220,1220,246410
622,30,,1000,train,1220,1220,540900
563,30,,864,train,1220,1220,462770
369,30,,268,train,1220,1220,144240
736,30,,1000,train,1220,1220,540900
694,30,,73,train,1220,1220,36060
157,30,,291,train,1220,1220,156260
357,30,,235,train,1220,1220,126210
849,30,,582,train,1220,1220,312520
370,30,,731,train,1220,1220,390650
201,30,,19,train,1220,1220,6010
97,30,,1000,train,1220,1220,540900
875,30,,25,train,1220,1220,12020
940,30,,775,train,1220,1220,414690
384,30,,1000,train,1220,1220,540900
607,30,,333,train,1220,1220,174290
161,30,,32,train,1220,1220,12020
821,30,,1000,train,1220,1220,540900
415,31,,22,train,1220,1220,6010
647,31,,30,train,1220,1220,12020
515,31,,461,train,1220,1220,246410
11,31,,43,train,1220,1220,18030
167,31,,469,train,1220,1220,252420
622,31,,1000,train,1220,1220,540900
563,31,,864,train,1220,1220,462770
851,31,,157,train,1220,1220,84140
578,31,,42,train,1220,1220,18030
726,31,,79,train,1220,1220,42070
469,31,,232,train,1220,1220,120200
849,31,,582,train,1220,1220,312520
171,31,,289,train,1220,1220,156260
348,31,,138,train,1220,1220,72120
545,31,,210,train,1220,1220,108180
97,31,,1000,train,1220,1220,540900
139,31,,365,train,1220,1220,192320
943,31,,290,train,1220,1220,156260
176,31,,95,train,1220,1220,48080
50,31,,157,train,1220,1220,84140
515,32,,461,train,1220,1220,246410
146,32,,15,train,1220,1220,6010
286,32,,187,train,1220,1220,96160
578,32,,42,train,1220,1220,18030
310,32,,126,train,1220,1220,66110
427,32,,126,train,1220,1220,66110
171,32,,289,train,1220,1220,156260
7,32,,153,train,1220,1220,78130
971,32,,195,train,1220,1220,102170
166,32,,582,train,1220,1220,312520
881,32,,235,train,1220,1220,126210
97,32,,1000,train,1220,1220,540900
204,32,,1000,train,1220,1220,540900
407,32,,176,train,1220,1220,90150
212,32,,537,train,1220,1220,288480
593,32,,1000,train,1220,1220,540900
867,32,,991,train,1220,1220,534890
384,32,,1000,train,1220,1220,540900
653,32,,96,train,1220,1220,48080
365,32,,99,train,1220,1220,48080
25,33,,395,train,1220,1220,210350
179,33,,135,train,1220,1220,72120
515,33,,461,train,1220,1220,246410
622,33,,1000,train,1220,1220,540900
563,33,,864,train,1220,1220,462770
369,33,,268,train,1220,1220,144240
736,33,,1000,train,1220,1220,540900
694,33,,73,train,1220,1220,36060
157,33,,291,train,1220,1220,156260
357,33,,235,train,1220,1220,126210
849,33,,582,train,1220,1220,312520
370,33,,731,train,1220,1220,390650
201,33,,19,train,1220,1220,6010
97,33,,1000,train,1220,1220,540900
875,33,,25,train,1220,1220,12020
940,33,,775,train,1220,1220,414690
384,33,,1000,train,1220,1220,540900
607,33,,333,train,1220,1220,174290
161,33,,32,train,1220,1220,12020
821,33,,1000,train,1220,1220,540900
415,34,,22,train,1220,1220,6010
647,34,,30,train,1220,1220,12020
515,34,,461,train,1220,1220,246410
11,34,,43,train,1220,1220,18030
167,34,,469,train,1220,1220,252420
622,34,,1000,train,1220,1220,540900
563,34,,864,train,1220,1220,462770
851,34,,157,train,1220,1220,84140
578,34,,42,train,1220,1220,18030
726,34,,79,train,1220,1220,42070
469,34,,232,train,1220,1220,120200
849,34,,582,train,1220,1220,312520
171,34,,289,train,1220,1220,156260
348,34,,138,train,1220,1220,72120
545,34,,210,train,1220,1220,108180
97,34,,1000,train,1220,1220,540900
139,34,,365,train,1220,1220,192320
943,34,,290,train,1220,1220,156260
176,34,,95,train,1220,1220,48080
50,34,,157,train,1220,1220,84140
515,35,,461,train,1220,1220,246410
146,35,,15,train,1220,1220,6010
286,35,,187,train,1220,1220,96160
578,35,,42,train,1220,1220,18030
310,35,,126,train,1220,1220,66110
427,35,,126,train,1220,1220,66110
171,35,,289,train,1220,1220,156260
7,35,,153,train,1220,1220,78130
971,35,,195,train,1220,1220,102170
166,35,,582,train,1220,1220,312520
881,35,,235,train,1220,1220,126210
97,35,,1000,train,1220,1220,540900
204,35,,1000,train,1220,1220,540900
407,35,,176,train,1220,1220,90150
212,35,,537,train,1220,1220,288480
593,35,,1000,train,1220,1220,540900
867,35,,991,train,1220,1220,534890
384,35,,1000,train,1220,1220,540900
653,35,,96,train,1220,1220,48080
365,35,,99,train,1220,1220,48080
25,36,,395,train,1220,1220,210350
179,36,,135,train,1220,1220,72120
515,36,,461,train,1220,1220,246410
622,36,,1000,train,1220,1220,540900
563,36,,864,train,1220,1220,462770
369,36,,268,train,1220,1220,144240
736,36,,1000,train,1220,1220,540900
694,36,,73,train,1220,1220,36060
157,36,,291,train,1220,1220,156260
357,36,,235,train,1220,1220,126210
849,36,,582,train,1220,1220,312520
370,36,,731,train,1220,1220,390650
201,36,,19,train,1220,1220,6010
97,36,,1000,train,1220,1220,540900
875,36,,25,train,1220,1220,12020
940,36,,775,train,1220,1220,414690
384,36,,1000,train,1220,1220,540900
607,36,,333,train,1220,1220,174290
161,36,,32,train,1220,1220,12020
821,36,,1000,train,1220,1220,540900
415,37,,22,train,1220,1220,6010
647,37,,30,train,1220,1220,12020
515,37,,461,train,1220,1220,246410
11,37,,43,train,1220,1220,18030
167,37,,469,train,1220,1220,252420
622,37,,1000,train,1220,1220,540900
563,37,,864,train,1220,1220,462770
851,37,,157,train,1220,1220,84140
578,37,,42,train,1220,1220,18030
726,37,,79,train,1220,1220,42070
469,37,,232,train,1220,1220,120200
849,37,,582,train,1220,1220,312520
171,37,,289,train,1220,1220,156260
348,37,,138,train,1220,1220,72120
545,37,,210,train,1220,1220,108180
97,37,,1000,train,1220,1220,540900
139,37,,365,train,1220,1220,192320
943,37,,290,train,1220,1220,156260
176,37,,95,train,1220,1220,48080
50,37,,157,train,1220,1220,84140
25,38,,395,train,1220,1220,210350
179,38,,135,train,1220,1220,72120
515,38,,461,train,1220,1220,246410
622,38,,1000,train,1220,1220,540900
563,38,,864,train,1220,1220,462770
369,38,,268,train,1220,1220,144240
736,38,,1000,train,1220,1220,540900
694,38,,73,train,1220,1220,36060
157,38,,291,train,1220,1220,156260
357,38,,235,train,1220,1220,126210
849,38,,582,train,1220,1220,312520
370,38,,731,train,1220,1220,390650
201,38,,19,train,1220,1220,6010
97,38,,1000,train,1220,1220,540900
875,38,,25,train,1220,1220,12020
940,38,,775,train,1220,1220,414690
384,38,,1000,train,1220,1220,540900
607,38,,333,train,1220,1220,174290
161,38,,32,train,1220,1220,12020
821,38,,1000,train,1220,1220,540900
415,39,,22,train,1220,1220,6010
647,39,,30,train,1220,1220,12020
515,39,,461,train,1220,1220,246410
11,39,,43,train,1220,1220,18030
167,39,,469,train,1220,1220,252420
622,39,,1000,train,1220,1220,540900
563,39,,864,train,1220,1220,462770
851,39,,157,train,1220,1220,84140
578,39,,42,train,1220,1220,18030
726,39,,79,train,1220,1220,42070
469,39,,232,train,1220,1220,120200
849,39,,582,train,1220,1220,312520
171,39,,289,train,1220,1220,156260
348,39,,138,train,1220,1220,72120
545,39,,210,train,1220,1220,108180
97,39,,1000,train,1220,1220,540900
139,39,,365,train,1220,1220,192320
943,39,,290,train,1220,1220,156260
176,39,,95,train,1220,1220,48080
50,39,,157,train,1220,1220,84140
515,40,,461,train,1220,1220,246410
146,40,,15,train,1220,1220,6010
286,40,,187,train,1220,1220,96160
578,40,,42,train,1220,1220,18030
310,40,,126,train,1220,1220,66110
427,40,,126,train,1220,1220,66110
171,40,,289,train,1220,1220,156260
7,40,,153,train,1220,1220,78130
971,40,,195,train,1220,1220,102170
166,40,,582,train,1220,1220,312520
881,40,,235,train,1220,1220,126210
97,40,,1000,train,1220,1220,540900
204,40,,1000,train,1220,1220,540900
407,40,,176,train,1220,1220,90150
212,40,,537,train,1220,1220,288480
593,40,,1000,train,1220,1220,540900
867,40,,991,train,1220,1220,534890
384,40,,1000,train,1220,1220,540900
653,40,,96,train,1220,1220,48080
365,40,,99,train,1220,1220,48080
25,41,,395,train,1220,1220,210350
179,41,,135,train,1220,1220,72120
515,41,,461,train,1220,1220,246410
622,41,,1000,train,1220,1220,540900
563,41,,864,train,1220,1220,462770
369,41,,268,train,1220,1220,144240
736,41,,1000,train,1220,1220,540900
694,41,,73,train,1220,1220,36060
157,41,,291,train,1220,1220,156260
357,41,,235,train,1220,1220,126210
849,41,,582,train,1220,1220,312520
370,41,,731,train,1220,1220,390650
201,41,,19,train,1220,1220,6010
97,41,,1000,train,1220,1220,540900
875,41,,25,train,1220,1220,12020
940,41,,775,train,1220,1220,414690
384,41,,1000,train,1220,1220,540900
607,41,,333,train,1220,1220,174290
161,41,,32,train,1220,1220,12020
821,41,,1000,train,1220,1220,540900
415,42,,22,train,1220,1220,6010
647,42,,30,train,1220,1220,12020
515,42,,461,train,1220,1220,246410
11,42,,43,train,1220,1220,18030
167,42,,469,train,1220,1220,252420
622,42,,1000,train,1220,1220,540900
563,42,,864,train,1220,1220,462770
851,42,,157,train,1220,1220,84140
578,42,,42,train,1220,1220,18030
726,42,,79,train,1220,1220,42070
469,42,,232,train,1220,1220,120200
849,42,,582,train,1220,1220,312520
171,42,,289,train,1220,1220,156260
348,42,,138,train,1220,1220,72120
545,42,,210,train,1220,1220,108180
97,42,,1000,train,1220,1220,540900
139,42,,365,train,1220,1220,192320
943,42,,290,train,1220,1220,156260
176,42,,95,train,1220,1220,48080
50,42,,157,train,1220,1220,84140
515,43,,461,train,1220,1220,246410
146,43,,15,train,1220,1220,6010
286,43,,187,train,1220,1220,96160
578,43,,42,train,1220,1220,18030
310,43,,126,train,1220,1220,66110
427,43,,126,train,1220,1220,66110
171,43,,289,train,1220,1220,156260
7,43,,153,train,1220,1220,78130
971,43,,195,train,1220,1220,102170
166,43,,582,train,1220,1220,312520
881,43,,235,train,1220,1220,126210
97,43,,1000,train,1220,1220,540900
204,43,,1000,train,1220,1220,540900
407,43,,176,train,1220,1220,90150
212,43,,537,train,1220,1220,288480
593,43,,1000,train,1220,1220,540900
867,43,,991,train,1220,1220,534890
384,43,,1000,train,1220,1220,540900
653,43,,96,train,1220,1220,48080
365,43,,99,train,1220,1220,48080
415,44,,22,train,1220,1220,6010
25,44,,395,train,1220,1220,210350
647,44,,30,train,1220,1220,12020
515,44,,461,train,1220,1220,246410
167,44,,469,train,1220,1220,252420
622,44,,1000,train,1220,1220,540900
563,44,,864,train,1220,1220,462770
851,44,,157,train,1220,1220,84140
578,44,,42,train,1220,1220,18030
726,44,,79,train,1220,1220,42070
469,44,,232,train,1220,1220,120200
849,44,,582,train,1220,1220,312520
171,44,,289,train,1220,1220,156260
348,44,,138,train,1220,1220,72120
545,44,,210,train,1220,1220,108180
97,44,,1000,train,1220,1220,540900
139,44,,365,train,1220,1220,192320
943,44,,290,train,1220,1220,156260
176,44,,95,train,1220,1220,48080
50,44,,157,train,1220,1220,84140
25,45,,395,train,1220,1220,210350
179,45,,135,train,1220,1220,72120
515,45,,461,train,1220,1220,246410
622,45,,1000,train,1220,1220,540900
563,45,,864,train,1220,1220,462770
369,45,,268,train,1220,1220,144240
736,45,,1000,train,1220,1220,540900
694,45,,73,train,1220,1220,36060
157,45,,291,train,1220,1220,156260
357,45,,235,train,1220,1220,126210
849,45,,582,train,1220,1220,312520
370,45,,731,train,1220,1220,390650
201,45,,19,train,1220,1220,6010
97,45,,1000,train,1220,1220,540900
875,45,,25,train,1220,1220,12020
940,45,,775,train,1220,1220,414690
384,45,,1000,train,1220,1220,540900
607,45,,333,train,1220,1220,174290
161,45,,32,train,1220,1220,12020
821,45,,1000,train,1220,1220,540900
415,46,,22,train,1220,1220,6010
647,46,,30,train,1220,1220,12020
515,46,,461,train,1220,1220,246410
11,46,,43,train,1220,1220,18030
167,46,,469,train,1220,1220,252420
622,46,,1000,train,1220,1220,540900
563,46,,864,train,1220,1220,462770
851,46,,157,train,1220,1220,84140
578,46,,42,train,1220,1220,18030
726,46,,79,train,1220,1220,42070
469,46,,232,train,1220,1220,120200
849,46,,582,train,1220,1220,312520
171,46,,289,train,1220,1220,156260
348,46,,138,train,1220,1220,72120
545,46,,210,train,1220,1220,108180
97,46,,1000,train,1220,1220,540900
139,46,,365,train,1220,1220,192320
943,46,,290,train,1220,1220,156260
176,46,,95,train,1220,1220,48080
50,46,,157,train,1220,1220,84140
515,47,,461,train,1220,1220,246410
146,47,,15,train,1220,1220,6010
286,47,,187,train,1220,1220,96160
578,47,,42,train,1220,1220,18030
310,47,,126,train,1220,1220,66110
427,47,,126,train,1220,1220,66110
171,47,,289,train,1220,1220,156260
7,47,,153,train,1220,1220,78130
971,47,,195,train,1220,1220,102170
166,47,,582,train,1220,1220,312520
881,47,,235,train,1220,1220,126210
97,47,,1000,train,1220,1220,540900
204,47,,1000,train,1220,1220,540900
407,47,,176,train,1220,1220,90150
212,47,,537,train,1220,1220,288480
593,47,,1000,train,1220,1220,540900
867,47,,991,train,1220,1220,534890
384,47,,1000,train,1220,1220,540900
653,47,,96,train,1220,1220,48080
365,47,,99,train,1220,1220,48080
25,48,,395,train,1220,1220,210350
179,48,,135,train,1220,1220,72120
515,48,,461,train,1220,1220,246410
622,48,,1000,train,1220,1220,540900
563,48,,864,train,1220,1220,462770
369,48,,268,train,1220,1220,144240
736,48,,1000,train,1220,1220,540900
694,48,,73,train,1220,1220,36060
157,48,,291,train,1220,1220,156260
357,48,,235,train,1220,1220,126210
849,48,,582,train,1220,1220,312520
370,48,,731,train,1220,1220,390650
201,48,,19,train,1220,1220,6010
97,48,,1000,train,1220,1220,540900
875,48,,25,train,1220,1220,12020
940,48,,775,train,1220,1220,414690
384,48,,1000,train,1220,1220,540900
607,48,,333,train,1220,1220,174290
161,48,,32,train,1220,1220,12020
821,48,,1000,train,1220,1220,540900
415,49,,22,train,1220,1220,6010
647,49,,30,train,1220,1220,12020
515,49,,461,train,1220,1220,246410
11,49,,43,train,1220,1220,18030
167,49,,469,train,1220,1220,252420
622,49,,1000,train,1220,1220,540900
563,49,,864,train,1220,1220,462770
851,49,,157,train,1220,1220,84140
578,49,,42,train,1220,1220,18030
726,49,,79,train,1220,1220,42070
469,49,,232,train,1220,1220,120200
849,49,,582,train,1220,1220,312520
171,49,,289,train,1220,1220,156260
348,49,,138,train,1220,1220,72120
545,49,,210,train,1220,1220,108180
97,49,,1000,train,1220,1220,540900
139,49,,365,train,1220,1220,192320
943,49,,290,train,1220,1220,156260
176,49,,95,train,1220,1220,48080
50,49,,157,train,1220,1220,84140
515,50,,461,train,1220,1220,246410
146,50,,15,train,1220,1220,6010
286,50,,187,train,1220,1220,96160
578,50,,42,train,1220,1220,18030
310,50,,126,train,1220,1220,66110
427,50,,126,train,1220,1220,66110
171,50,,289,train,1220,1220,156260
7,50,,153,train,1220,1220,78130
971,50,,195,train,1220,1220,102170
166,50,,582,train,1220,1220,312520
881,50,,235,train,1220,1220,126210
97,50,,1000,train,1220,1220,540900
204,50,,1000,train,1220,1220,540900
407,50,,176,train,1220,1220,90150
212,50,,537,train,1220,1220,288480
593,50,,1000,train,1220,1220,540900
867,50,,991,train,1220,1220,534890
384,50,,1000,train,1220,1220,540900
653,50,,96,train,1220,1220,48080
365,50,,99,train,1220,1220,48080
25,1,,395,train,1220,1220,210350
179,1,,135,train,1220,1220,72120
515,1,,461,train,1220,1220,246410
622,1,,1000,train,1220,1220,540900
513,1,,122,train,1220,1220,60100
563,1,,864,train,1220,1220,462770
61,1,,23,train,1220,1220,12020
507,1,,254,train,1220,1220,132220
369,1,,268,train,1220,1220,144240
644,1,,1000,train,1220,1220,540900
433,1,,665,train,1220,1220,354590
979,1,,149,train,1220,1220,78130
736,1,,1000,train,1220,1220,540900
938,1,,535,train,1220,1220,288480
694,1,,73,train,1220,1220,36060
157,1,,291,train,1220,1220,156260
357,1,,235,train,1220,1220,126210
856,1,,106,train,1220,1220,54090
166,1,,582,train,1220,1220,312520
370,1,,731,train,1220,1220,390650
672,2,,190,train,1220,1220,102170
563,2,,864,train,1220,1220,462770
90,2,,80,train,1220,1220,42070
644,2,,1000,train,1220,1220,540900
583,2,,378,train,1220,1220,204340
736,2,,1000,train,1220,1220,540900
102,2,,614,train,1220,1220,330550
481,2,,106,train,1220,1220,54090
157,2,,291,train,1220,1220,156260
585,2,,351,train,1220,1220,186310
849,2,,582,train,1220,1220,312520
42,2,,65,train,1220,1220,30050
545,2,,210,train,1220,1220,108180
299,2,,288,train,1220,1220,150250
7,2,,153,train,1220,1220,78130
892,2,,1000,train,1220,1220,540900
166,2,,582,train,1220,1220,312520
148,2,,20,train,1220,1220,6010
85,2,,787,train,1220,1220,420700
97,2,,1000,train,1220,1220,540900
52,3,,36,train,1220,1220,18030
25,3,,395,train,1220,1220,210350
515,3,,461,train,1220,1220,246410
672,3,,190,train,1220,1220,102170
167,3,,469,train,1220,1220,252420
349,3,,29,train,1220,1220,12020
622,3,,1000,train,1220,1220,540900
563,3,,864,train,1220,1220,462770
507,3,,254,train,1220,1220,132220
644,3,,1000,train,1220,1220,540900
286,3,,187,train,1220,1220,96160
433,3,,665,train,1220,1220,354590
583,3,,378,train,1220,1220,204340
938,3,,535,train,1220,1220,288480
102,3,,614,train,1220,1220,330550
620,3,,49,train,1220,1220,24040
700,3,,27,train,1220,1220,12020
973,3,,92,train,1220,1220,48080
585,3,,351,train,1220,1220,186310
171,3,,289,train,1220,1220,156260
25,4,,395,train,1220,1220,210350
179,4,,135,train,1220,1220,72120
515,4,,461,train,1220,1220,246410
672,4,,190,train,1220,1220,102170
622,4,,1000,train,1220,1220,540900
509,4,,91,train,1220,1220,48080
513,4,,122,train,1220,1220,60100
563,4,,864,train,1220,1220,462770
507,4,,254,train,1220,1220,132220
369,4,,268,train,1220,1220,144240
644,4,,1000,train,1220,1220,540900
433,4,,665,train,1220,1220,354590
979,4,,149,train,1220,1220,78130
736,4,,1000,train,1220,1220,540900
938,4,,535,train,1220,1220,288480
694,4,,73,train,1220,1220,36060
157,4,,291,train,1220,1220,156260
357,4,,235,train,1220,1220,126210
849,4,,582,train,1220,1220,312520
856,4,,106,train,1220,1220,54090
482,5,,33,train,1220,1220,12020
25,5,,395,train,1220,1220,210350
179,5,,135,train,1220,1220,72120
515,5,,461,train,1220,1220,246410
113,5,,26,train,1220,1220,12020
622,5,,1000,train,1220,1220,540900
563,5,,864,train,1220,1220,462770
855,5,,250,train,1220,1220,132220
369,5,,268,train,1220,1220,144240
433,5,,665,train,1220,1220,354590
726,5,,79,train,1220,1220,42070
583,5,,378,train,1220,1220,204340
927,5,,21,train,1220,1220,6010
102,5,,614,train,1220,1220,330550
620,5,,49,train,1220,1220,24040
694,5,,73,train,1220,1220,36060
469,5,,232,train,1220,1220,120200
157,5,,291,train,1220,1220,156260
357,5,,235,train,1220,1220,126210
849,5,,582,train,1220,1220,312520
672,6,,190,train,1220,1220,102170
563,6,,864,train,1220,1220,462770
90,6,,80,train,1220,1220,42070
644,6,,1000,train,1220,1220,540900
583,6,,378,train,1220,1220,204340
736,6,,1000,train,1220,1220,540900
102,6,,614,train,1220,1220,330550
481,6,,106,train,1220,1220,54090
157,6,,291,train,1220,1220,156260
585,6,,351,train,1220,1220,186310
849,6,,582,train,1220,1220,312520
42,6,,65,train,1220,1220,30050
545,6,,210,train,1220,1220,108180
299,6,,288,train,1220,1220,150250
7,6,,153,train,1220,1220,78130
892,6,,1000,train,1220,1220,540900
166,6,,582,train,1220,1220,312520
148,6,,20,train,1220,1220,6010
85,6,,787,train,1220,1220,420700
97,6,,1000,train,1220,1220,540900
52,7,,36,train,1220,1220,18030
25,7,,395,train,1220,1220,210350
515,7,,461,train,1220,1220,246410
672,7,,190,train,1220,1220,102170
167,7,,469,train,1220,1220,252420
349,7,,29,train,1220,1220,12020
622,7,,1000,train,1220,1220,540900
563,7,,864,train,1220,1220,462770
507,7,,254,train,1220,1220,132220
644,7,,1000,train,1220,1220,540900
286,7,,187,train,1220,1220,96160
433,7,,665,train,1220,1220,354590
583,7,,378,train,1220,1220,204340
938,7,,535,train,1220,1220,288480
102,7,,614,train,1220,1220,330550
620,7,,49,train,1220,1220,24040
700,7,,27,train,1220,1220,12020
973,7,,92,train,1220,1220,48080
585,7,,351,train,1220,1220,186310
171,7,,289,train,1220,1220,156260
508,8,,171,train,1220,1220,90150
276,8,,154,train,1220,1220,78130
622,8,,1000,train,1220,1220,540900
509,8,,91,train,1220,1220,48080
720,8,,321,train,1220,1220,168280
433,8,,665,train,1220,1220,354590
736,8,,1000,train,1220,1220,540900
102,8,,614,train,1220,1220,330550
973,8,,92,train,1220,1220,48080
481,8,,106,train,1220,1220,54090
849,8,,582,train,1220,1220,312520
554,8,,327,train,1220,1220,174290
545,8,,210,train,1220,1220,108180
7,8,,153,train,1220,1220,78130
186,8,,47,train,1220,1220,24040
840,8,,10,train,1220,1220,0
537,8,,425,train,1220,1220,228380
370,8,,731,train,1220,1220,390650
103,8,,26,train,1220,1220,12020
97,8,,1000,train,1220,1220,540900
415,9,,22,train,1220,1220,6010
647,9,,30,train,1220,1220,12020
515,9,,461,train,1220,1220,246410
167,9,,469,train,1220,1220,252420
622,9,,1000,train,1220,1220,540900
563,9,,864,train,1220,1220,462770
851,9,,157,train,1220,1220,84140
578,9,,42,train,1220,1220,18030
453,9,,45,train,1220,1220,24040
726,9,,79,train,1220,1220,42070
326,9,,321,train,1220,1220,168280
583,9,,378,train,1220,1220,204340
736,9,,1000,train,1220,1220,540900
938,9,,535,train,1220,1220,288480
96,9,,38,train,1220,1220,18030
469,9,,232,train,1220,1220,120200
171,9,,289,train,1220,1220,156260
348,9,,138,train,1220,1220,72120
545,9,,210,train,1220,1220,108180
522,9,,47,train,1220,1220,24040
626,10,,53,train,1220,1220,24040
415,10,,22,train,1220,1220,6010
515,10,,461,train,1220,1220,246410
167,10,,469,train,1220,1220,252420
207,10,,121,train,1220,1220,60100
645,10,,19,train,1220,1220,6010
563,10,,864,train,1220,1220,462770
90,10,,80,train,1220,1220,42070
369,10,,268,train,1220,1220,144240
846,10,,33,train,1220,1220,12020
286,10,,187,train,1220,1220,96160
433,10,,665,train,1220,1220,354590
558,10,,124,train,1220,1220,66110
326,10,,321,train,1220,1220,168280
102,10,,614,train,1220,1220,330550
310,10,,126,train,1220,1220,66110
157,10,,291,train,1220,1220,156260
171,10,,289,train,1220,1220,156260
7,10,,153,train,1220,1220,78130
892,10,,1000,train,1220,1220,540900
415,11,,22,train,1220,1220,6010
647,11,,30,train,1220,1220,12020
515,11,,461,train,1220,1220,246410
167,11,,469,train,1220,1220,252420
622,11,,1000,train,1220,1220,540900
563,11,,864,train,1220,1220,462770
851,11,,157,train,1220,1220,84140
578,11,,42,train,1220,1220,18030
453,11,,45,train,1220,1220,24040
726,11,,79,train,1220,1220,42070
326,11,,321,train,1220,1220,168280
583,11,,378,train,1220,1220,204340
736,11,,1000,train,1220,1220,540900
938,11,,535,train,1220,1220,288480
96,11,,38,train,1220,1220,18030
469,11,,232,train,1220,1220,120200
171,11,,289,train,1220,1220,156260
348,11,,138,train,1220,1220,72120
545,11,,210,train,1220,1220,108180
522,11,,47,train,1220,1220,24040
626,12,,53,train,1220,1220,24040
415,12,,22,train,1220,1220,6010
515,12,,461,train,1220,1220,246410
167,12,,469,train,1220,1220,252420
207,12,,121,train,1220,1220,60100
645,12,,19,train,1220,1220,6010
563,12,,864,train,1220,1220,462770
90,12,,80,train,1220,1220,42070
369,12,,268,train,1220,1220,144240
846,12,,33,train,1220,1220,12020
286,12,,187,train,1220,1220,96160
433,12,,665,train,1220,1220,354590
558,12,,124,train,1220,1220,66110
326,12,,321,train,1220,1220,168280
102,12,,614,train,1220,1220,330550
310,12,,126,train,1220,1220,66110
157,12,,291,train,1220,1220,156260
171,12,,289,train,1220,1220,156260
7,12,,153,train,1220,1220,78130
892,12,,1000,train,1220,1220,540900
415,13,,22,train,1220,1220,6010
647,13,,30,train,1220,1220,12020
515,13,,461,train,1220,1220,246410
167,13,,469,train,1220,1220,252420
622,13,,1000,train,1220,1220,540900
563,13,,864,train,1220,1220,462770
851,13,,157,train,1220,1220,84140
578,13,,42,train,1220,1220,18030
453,13,,45,train,1220,1220,24040
726,13,,79,train,1220,1220,42070
326,13,,321,train,1220,1220,168280
583,13,,378,train,1220,1220,204340
736,13,,1000,train,1220,1220,540900
938,13,,535,train,1220,1220,288480
96,13,,38,train,1220,1220,18030
469,13,,232,train,1220,1220,120200
171,13,,289,train,1220,1220,156260
348,13,,138,train,1220,1220,72120
545,13,,210,train,1220,1220,108180
522,13,,47,train,1220,1220,24040
626,14,,53,train,1220,1220,24040
415,14,,22,train,1220,1220,6010
515,14,,461,train,1220,1220,246410
167,14,,469,train,1220,1220,252420
207,14,,121,train,1220,1220,60100
645,14,,19,train,1220,1220,6010
563,14,,864,train,1220,1220,462770
90,14,,80,train,1220,1220,42070
369,14,,268,train,1220,1220,144240
846,14,,33,train,1220,1220,12020
286,14,,187,train,1220,1220,96160
433,14,,665,train,1220,1220,354590
558,14,,124,train,1220,1220,66110
326,14,,321,train,1220,1220,168280
102,14,,614,train,1220,1220,330550
310,14,,126,train,1220,1220,66110
157,14,,291,train,1220,1220,156260
171,14,,289,train,1220,1220,156260
7,14,,153,train,1220,1220,78130
892,14,,1000,train,1220,1220,540900
415,15,,22,train,1220,1220,6010
647,15,,30,train,1220,1220,12020
515,15,,461,train,1220,1220,246410
167,15,,469,train,1220,1220,252420
622,15,,1000,train,1220,1220,540900
563,15,,864,train,1220,1220,462770
851,15,,157,train,1220,1220,84140
578,15,,42,train,1220,1220,18030
453,15,,45,train,1220,1220,24040
726,15,,79,train,1220,1220,42070
326,15,,321,train,1220,1220,168280
583,15,,378,train,1220,1220,204340
736,15,,1000,train,1220,1220,540900
938,15,,535,train,1220,1220,288480
96,15,,38,train,1220,1220,18030
469,15,,232,train,1220,1220,120200
171,15,,289,train,1220,1220,156260
348,15,,138,train,1220,1220,72120
545,15,,210,train,1220,1220,108180
522,15,,47,train,1220,1220,24040
482,16,,33,train,1220,1220,12020
25,16,,395,train,1220,1220,210350
179,16,,135,train,1220,1220,72120
308,16,,66,train,1220,1220,30050
113,16,,26,train,1220,1220,12020
622,16,,1000,train,1220,1220,540900
563,16,,864,train,1220,1220,462770
373,16,,18,train,1220,1220,6010
855,16,,250,train,1220,1220,132220
369,16,,268,train,1220,1220,144240
433,16,,665,train,1220,1220,354590
736,16,,1000,train,1220,1220,540900
102,16,,614,train,1220,1220,330550
694,16,,73,train,1220,1220,36060
469,16,,232,train,1220,1220,120200
157,16,,291,train,1220,1220,156260
585,16,,351,train,1220,1220,186310
849,16,,582,train,1220,1220,312520
427,16,,126,train,1220,1220,66110
228,16,,25,train,1220,1220,12020
508,17,,171,train,1220,1220,90150
626,17,,53,train,1220,1220,24040
276,17,,154,train,1220,1220,78130
167,17,,469,train,1220,1220,252420
622,17,,1000,train,1220,1220,540900
645,17,,19,train,1220,1220,6010
90,17,,80,train,1220,1220,42070
846,17,,33,train,1220,1220,12020
433,17,,665,train,1220,1220,354590
326,17,,321,train,1220,1220,168280
102,17,,614,train,1220,1220,330550
856,17,,106,train,1220,1220,54090
299,17,,288,train,1220,1220,150250
7,17,,153,train,1220,1220,78130
166,17,,582,train,1220,1220,312520
881,17,,235,train,1220,1220,126210
642,17,,119,train,1220,1220,60100
97,17,,1000,train,1220,1220,540900
354,17,,496,train,1220,1220,264440
943,17,,290,train,1220,1220,156260
25,18,,395,train,1220,1220,210350
308,18,,66,train,1220,1220,30050
888,18,,26,train,1220,1220,12020
110,18,,186,train,1220,1220,96160
855,18,,250,train,1220,1220,132220
644,18,,1000,train,1220,1220,540900
433,18,,665,train,1220,1220,354590
326,18,,321,train,1220,1220,168280
102,18,,614,train,1220,1220,330550
310,18,,126,train,1220,1220,66110
469,18,,232,train,1220,1220,120200
585,18,,351,train,1220,1220,186310
554,18,,327,train,1220,1220,174290
20,18,,64,train,1220,1220,30050
971,18,,195,train,1220,1220,102170
892,18,,1000,train,1220,1220,540900
166,18,,582,train,1220,1220,312520
370,18,,731,train,1220,1220,390650
642,18,,119,train,1220,1220,60100
85,18,,787,train,1220,1220,420700
25,19,,395,train,1220,1220,210350
672,19,,190,train,1220,1220,102170
167,19,,469,train,1220,1220,252420
622,19,,1000,train,1220,1220,540900
563,19,,864,train,1220,1220,462770
851,19,,157,train,1220,1220,84140
507,19,,254,train,1220,1220,132220
369,19,,268,train,1220,1220,144240
644,19,,1000,train,1220,1220,540900
720,19,,321,train,1220,1220,168280
433,19,,665,train,1220,1220,354590
326,19,,321,train,1220,1220,168280
583,19,,378,train,1220,1220,204340
938,19,,535,train,1220,1220,288480
102,19,,614,train,1220,1220,330550
700,19,,27,train,1220,1220,12020
357,19,,235,train,1220,1220,126210
585,19,,351,train,1220,1220,186310
554,19,,327,train,1220,1220,174290
171,19,,289,train,1220,1220,156260
508,20,,171,train,1220,1220,90150
25,20,,395,train,1220,1220,210350
622,20,,1000,train,1220,1220,540900
110,20,,186,train,1220,1220,96160
644,20,,1000,train,1220,1220,540900
43,20,,23,train,1220,1220,12020
326,20,,321,train,1220,1220,168280
979,20,,149,train,1220,1220,78130
736,20,,1000,train,1220,1220,540900
938,20,,535,train,1220,1220,288480
928,20,,65,train,1220,1220,30050
469,20,,232,train,1220,1220,120200
357,20,,235,train,1220,1220,126210
299,20,,288,train,1220,1220,150250
7,20,,153,train,1220,1220,78130
240,20,,349,train,1220,1220,186310
166,20,,582,train,1220,1220,312520
537,20,,425,train,1220,1220,228380
370,20,,731,train,1220,1220,390650
85,20,,787,train,1220,1220,420700
25,21,,395,train,1220,1220,210350
672,21,,190,train,1220,1220,102170
167,21,,469,train,1220,1220,252420
622,21,,1000,train,1220,1220,540900
563,21,,864,train,1220,1220,462770
851,21,,157,train,1220,1220,84140
507,21,,254,train,1220,1220,132220
369,21,,268,train,1220,1220,144240
644,21,,1000,train,1220,1220,540900
720,21,,321,train,1220,1220,168280
433,21,,665,train,1220,1220,354590
326,21,,321,train,1220,1220,168280
583,21,,378,train,1220,1220,204340
938,21,,535,train,1220,1220,288480
102,21,,614,train,1220,1220,330550
700,21,,27,train,1220,1220,12020
357,21,,235,train,1220,1220,126210
585,21,,351,train,1220,1220,186310
554,21,,327,train,1220,1220,174290
171,21,,289,train,1220,1220,156260
508,22,,171,train,1220,1220,90150
25,22,,395,train,1220,1220,210350
622,22,,1000,train,1220,1220,540900
110,22,,186,train,1220,1220,96160
644,22,,1000,train,1220,1220,540900
43,22,,23,train,1220,1220,12020
326,22,,321,train,1220,1220,168280
979,22,,149,train,1220,1220,78130
736,22,,1000,train,1220,1220,540900
938,22,,535,train,1220,1220,288480
928,22,,65,train,1220,1220,30050
469,22,,232,train,1220,1220,120200
357,22,,235,train,1220,1220,126210
299,22,,288,train,1220,1220,150250
7,22,,153,train,1220,1220,78130
240,22,,349,train,1220,1220,186310
166,22,,582,train,1220,1220,312520
537,22,,425,train,1220,1220,228380
370,22,,731,train,1220,1220,390650
85,22,,787,train,1220,1220,420700
52,23,,36,train,1220,1220,18030
25,23,,395,train,1220,1220,210350
515,23,,461,train,1220,1220,246410
672,23,,190,train,1220,1220,102170
167,23,,469,train,1220,1220,252420
349,23,,29,train,1220,1220,12020
622,23,,1000,train,1220,1220,540900
563,23,,864,train,1220,1220,462770
507,23,,254,train,1220,1220,132220
644,23,,1000,train,1220,1220,540900
286,23,,187,train,1220,1220,96160
433,23,,665,train,1220,1220,354590
583,23,,378,train,1220,1220,204340
938,23,,535,train,1220,1220,288480
102,23,,614,train,1220,1220,330550
620,23,,49,train,1220,1220,24040
700,23,,27,train,1220,1220,12020
973,23,,92,train,1220,1220,48080
585,23,,351,train,1220,1220,186310
171,23,,289,train,1220,1220,156260
508,24,,171,train,1220,1220,90150
25,24,,395,train,1220,1220,210350
622,24,,1000,train,1220,1220,540900
110,24,,186,train,1220,1220,96160
644,24,,1000,train,1220,1220,540900
43,24,,23,train,1220,1220,12020
326,24,,321,train,1220,1220,168280
979,24,,149,train,1220,1220,78130
736,24,,1000,train,1220,1220,540900
938,24,,535,train,1220,1220,288480
928,24,,65,train,1220,1220,30050
469,24,,232,train,1220,1220,120200
357,24,,235,train,1220,1220,126210
299,24,,288,train,1220,1220,150250
7,24,,153,train,1220,1220,78130
240,24,,349,train,1220,1220,186310
166,24,,582,train,1220,1220,312520
537,24,,425,train,1220,1220,228380
370,24,,731,train,1220,1220,390650
85,24,,787,train,1220,1220,420700
25,25,,395,train,1220,1220,210350
672,25,,190,train,1220,1220,102170
167,25,,469,train,1220,1220,252420
622,25,,1000,train,1220,1220,540900
563,25,,864,train,1220,1220,462770
851,25,,157,train,1220,1220,84140
507,25,,254,train,1220,1220,132220
369,25,,268,train,1220,1220,144240
644,25,,1000,train,1220,1220,540900
720,25,,321,train,1220,1220,168280
433,25,,665,train,1220,1220,354590
326,25,,321,train,1220,1220,168280
583,25,,378,train,1220,1220,204340
938,25,,535,train,1220,1220,288480
102,25,,614,train,1220,1220,330550
700,25,,27,train,1220,1220,12020
357,25,,235,train,1220,1220,126210
585,25,,351,train,1220,1220,186310
554,25,,327,train,1220,1220,174290
171,25,,289,train,1220,1220,156260
508,26,,171,train,1220,1220,90150
747,26,,40,train,1220,1220,18030
25,26,,395,train,1220,1220,210350
655,26,,6,train,1220,1220,0
261,26,,21,train,1220,1220,6010
110,26,,186,train,1220,1220,96160
644,26,,1000,train,1220,1220,540900
43,26,,23,train,1220,1220,12020
326,26,,321,train,1220,1220,168280
736,26,,1000,train,1220,1220,540900
938,26,,535,train,1220,1220,288480
102,26,,614,train,1220,1220,330550
469,26,,232,train,1220,1220,120200
357,26,,235,train,1220,1220,126210
849,26,,582,train,1220,1220,312520
554,26,,327,train,1220,1220,174290
171,26,,289,train,1220,1220,156260
545,26,,210,train,1220,1220,108180
522,26,,47,train,1220,1220,24040
7,26,,153,train,1220,1220,78130
508,27,,171,train,1220,1220,90150
515,27,,461,train,1220,1220,246410
672,27,,190,train,1220,1220,102170
110,27,,186,train,1220,1220,96160
90,27,,80,train,1220,1220,42070
644,27,,1000,train,1220,1220,540900
286,27,,187,train,1220,1220,96160
578,27,,42,train,1220,1220,18030
583,27,,378,train,1220,1220,204340
736,27,,1000,train,1220,1220,540900
938,27,,535,train,1220,1220,288480
310,27,,126,train,1220,1220,66110
849,27,,582,train,1220,1220,312520
856,27,,106,train,1220,1220,54090
427,27,,126,train,1220,1220,66110
171,27,,289,train,1220,1220,156260
7,27,,153,train,1220,1220,78130
240,27,,349,train,1220,1220,186310
971,27,,195,train,1220,1220,102170
186,27,,47,train,1220,1220,24040
626,28,,53,train,1220,1220,24040
415,28,,22,train,1220,1220,6010
515,28,,461,train,1220,1220,246410
167,28,,469,train,1220,1220,252420
207,28,,121,train,1220,1220,60100
645,28,,19,train,1220,1220,6010
563,28,,864,train,1220,1220,462770
90,28,,80,train,1220,1220,42070
369,28,,268,train,1220,1220,144240
846,28,,33,train,1220,1220,12020
286,28,,187,train,1220,1220,96160
433,28,,665,train,1220,1220,354590
558,28,,124,train,1220,1220,66110
326,28,,321,train,1220,1220,168280
102,28,,614,train,1220,1220,330550
310,28,,126,train,1220,1220,66110
157,28,,291,train,1220,1220,156260
171,28,,289,train,1220,1220,156260
7,28,,153,train,1220,1220,78130
892,28,,1000,train,1220,1220,540900
415,29,,22,train,1220,1220,6010
647,29,,30,train,1220,1220,12020
515,29,,461,train,1220,1220,246410
167,29,,469,train,1220,1220,252420
622,29,,1000,train,1220,1220,540900
563,29,,864,train,1220,1220,462770
851,29,,157,train,1220,1220,84140
578,29,,42,train,1220,1220,18030
453,29,,45,train,1220,1220,24040
726,29,,79,train,1220,1220,42070
326,29,,321,train,1220,1220,168280
583,29,,378,train,1220,1220,204340
736,29,,1000,train,1220,1220,540900
938,29,,535,train,1220,1220,288480
96,29,,38,train,1220,1220,18030
469,29,,232,train,1220,1220,120200
171,29,,289,train,1220,1220,156260
348,29,,138,train,1220,1220,72120
545,29,,210,train,1220,1220,108180
522,29,,47,train,1220,1220,24040
508,30,,171,train,1220,1220,90150
25,30,,395,train,1220,1220,210350
179,30,,135,train,1220,1220,72120
515,30,,461,train,1220,1220,246410
70,30,,9,train,1220,1220,0
110,30,,186,train,1220,1220,96160
720,30,,321,train,1220,1220,168280
286,30,,187,train,1220,1220,96160
578,30,,42,train,1220,1220,18030
729,30,,89,train,1220,1220,48080
736,30,,1000,train,1220,1220,540900
938,30,,535,train,1220,1220,288480
585,30,,351,train,1220,1220,186310
427,30,,126,train,1220,1220,66110
522,30,,47,train,1220,1220,24040
7,30,,153,train,1220,1220,78130
240,30,,349,train,1220,1220,186310
971,30,,195,train,1220,1220,102170
892,30,,1000,train,1220,1220,540900
166,30,,582,train,1220,1220,312520
672,31,,190,train,1220,1220,102170
563,31,,864,train,1220,1220,462770
90,31,,80,train,1220,1220,42070
644,31,,1000,train,1220,1220,540900
583,31,,378,train,1220,1220,204340
736,31,,1000,train,1220,1220,540900
102,31,,614,train,1220,1220,330550
481,31,,106,train,1220,1220,54090
157,31,,291,train,1220,1220,156260
585,31,,351,train,1220,1220,186310
849,31,,582,train,1220,1220,312520
42,31,,65,train,1220,1220,30050
545,31,,210,train,1220,1220,108180
299,31,,288,train,1220,1220,150250
7,31,,153,train,1220,1220,78130
892,31,,1000,train,1220,1220,540900
166,31,,582,train,1220,1220,312520
148,31,,20,train,1220,1220,6010
85,31,,787,train,1220,1220,420700
97,31,,1000,train,1220,1220,540900
626,32,,53,train,1220,1220,24040
52,32,,36,train,1220,1220,18030
276,32,,154,train,1220,1220,78130
647,32,,30,train,1220,1220,12020
672,32,,190,train,1220,1220,102170
167,32,,469,train,1220,1220,252420
622,32,,1000,train,1220,1220,540900
645,32,,19,train,1220,1220,6010
90,32,,80,train,1220,1220,42070
507,32,,254,train,1220,1220,132220
846,32,,33,train,1220,1220,12020
433,32,,665,train,1220,1220,354590
726,32,,79,train,1220,1220,42070
102,32,,614,train,1220,1220,330550
357,32,,235,train,1220,1220,126210
856,32,,106,train,1220,1220,54090
171,32,,289,train,1220,1220,156260
971,32,,195,train,1220,1220,102170
166,32,,582,train,1220,1220,312520
881,32,,235,train,1220,1220,126210
672,33,,190,train,1220,1220,102170
563,33,,864,train,1220,1220,462770
90,33,,80,train,1220,1220,42070
644,33,,1000,train,1220,1220,540900
583,33,,378,train,1220,1220,204340
736,33,,1000,train,1220,1220,540900
102,33,,614,train,1220,1220,330550
481,33,,106,train,1220,1220,54090
157,33,,291,train,1220,1220,156260
585,33,,351,train,1220,1220,186310
849,33,,582,train,1220,1220,312520
42,33,,65,train,1220,1220,30050
545,33,,210,train,1220,1220,108180
299,33,,288,train,1220,1220,150250
7,33,,153,train,1220,1220,78130
892,33,,1000,train,1220,1220,540900
166,33,,582,train,1220,1220,312520
148,33,,20,train,1220,1220,6010
85,33,,787,train,1220,1220,420700
97,33,,1000,train,1220,1220,540900
415,34,,22,train,1220,1220,6010
647,34,,30,train,1220,1220,12020
515,34,,461,train,1220,1220,246410
167,34,,469,train,1220,1220,252420
622,34,,1000,train,1220,1220,540900
563,34,,864,train,1220,1220,462770
851,34,,157,train,1220,1220,84140
578,34,,42,train,1220,1220,18030
453,34,,45,train,1220,1220,24040
726,34,,79,train,1220,1220,42070
326,34,,321,train,1220,1220,168280
583,34,,378,train,1220,1220,204340
736,34,,1000,train,1220,1220,540900
938,34,,535,train,1220,1220,288480
96,34,,38,train,1220,1220,18030
469,34,,232,train,1220,1220,120200
171,34,,289,train,1220,1220,156260
348,34,,138,train,1220,1220,72120
545,34,,210,train,1220,1220,108180
522,34,,47,train,1220,1220,24040
508,35,,171,train,1220,1220,90150
25,35,,395,train,1220,1220,210350
179,35,,135,train,1220,1220,72120
515,35,,461,train,1220,1220,246410
70,35,,9,train,1220,1220,0
110,35,,186,train,1220,1220,96160
720,35,,321,train,1220,1220,168280
286,35,,187,train,1220,1220,96160
578,35,,42,train,1220,1220,18030
729,35,,89,train,1220,1220,48080
736,35,,1000,train,1220,1220,540900
938,35,,535,train,1220,1220,288480
585,35,,351,train,1220,1220,186310
427,35,,126,train,1220,1220,66110
522,35,,47,train,1220,1220,24040
7,35,,153,train,1220,1220,78130
240,35,,349,train,1220,1220,186310
971,35,,195,train,1220,1220,102170
892,35,,1000,train,1220,1220,540900
166,35,,582,train,1220,1220,312520
672,36,,190,train,1220,1220,102170
563,36,,864,train,1220,1220,462770
90,36,,80,train,1220,1220,42070
644,36,,1000,train,1220,1220,540900
583,36,,378,train,1220,1220,204340
736,36,,1000,train,1220,1220,540900
102,36,,614,train,1220,1220,330550
481,36,,106,train,1220,1220,54090
157,36,,291,train,1220,1220,156260
585,36,,351,train,1220,1220,186310
849,36,,582,train,1220,1220,312520
42,36,,65,train,1220,1220,30050
545,36,,210,train,1220,1220,108180
299,36,,288,train,1220,1220,150250
7,36,,153,train,1220,1220,78130
892,36,,1000,train,1220,1220,540900
166,36,,582,train,1220,1220,312520
148,36,,20,train,1220,1220,6010
85,36,,787,train,1220,1220,420700
97,36,,1000,train,1220,1220,540900
52,37,,36,train,1220,1220,18030
25,37,,395,train,1220,1220,210350
515,37,,461,train,1220,1220,246410
672,37,,190,train,1220,1220,102170
167,37,,469,train,1220,1220,252420
349,37,,29,train,1220,1220,12020
622,37,,1000,train,1220,1220,540900
563,37,,864,train,1220,1220,462770
507,37,,254,train,1220,1220,132220
644,37,,1000,train,1220,1220,540900
286,37,,187,train,1220,1220,96160
433,37,,665,train,1220,1220,354590
583,37,,378,train,1220,1220,204340
938,37,,535,train,1220,1220,288480
102,37,,614,train,1220,1220,330550
620,37,,49,train,1220,1220,24040
700,37,,27,train,1220,1220,12020
973,37,,92,train,1220,1220,48080
585,37,,351,train,1220,1220,186310
171,37,,289,train,1220,1220,156260
508,38,,171,train,1220,1220,90150
25,38,,395,train,1220,1220,210350
622,38,,1000,train,1220,1220,540900
110,38,,186,train,1220,1220,96160
644,38,,1000,train,1220,1220,540900
43,38,,23,train,1220,1220,12020
326,38,,321,train,1220,1220,168280
979,38,,149,train,1220,1220,78130
736,38,,1000,train,1220,1220,540900
938,38,,535,train,1220,1220,288480
928,38,,65,train,1220,1220,30050
469,38,,232,train,1220,1220,120200
357,38,,235,train,1220,1220,126210
299,38,,288,train,1220,1220,150250
7,38,,153,train,1220,1220,78130
240,38,,349,train,1220,1220,186310
166,38,,582,train,1220,1220,312520
537,38,,425,train,1220,1220,228380
370,38,,731,train,1220,1220,390650
85,38,,787,train,1220,1220,420700
52,39,,36,train,1220,1220,18030
25,39,,395,train,1220,1220,210350
515,39,,461,train,1220,1220,246410
672,39,,190,train,1220,1220,102170
167,39,,469,train,1220,1220,252420
349,39,,29,train,1220,1220,12020
622,39,,1000,train,1220,1220,540900
563,39,,864,train,1220,1220,462770
507,39,,254,train,1220,1220,132220
644,39,,1000,train,1220,1220,540900
286,39,,187,train,1220,1220,96160
433,39,,665,train,1220,1220,354590
583,39,,378,train,1220,1220,204340
938,39,,535,train,1220,1220,288480
102,39,,614,train,1220,1220,330550
620,39,,49,train,1220,1220,24040
700,39,,27,train,1220,1220,12020
973,39,,92,train,1220,1220,48080
585,39,,351,train,1220,1220,186310
171,39,,289,train,1220,1220,156260
508,40,,171,train,1220,1220,90150
25,40,,395,train,1220,1220,210350
622,40,,1000,train,1220,1220,540900
110,40,,186,train,1220,1220,96160
644,40,,1000,train,1220,1220,540900
43,40,,23,train,1220,1220,12020
326,40,,321,train,1220,1220,168280
979,40,,149,train,1220,1220,78130
736,40,,1000,train,1220,1220,540900
938,40,,535,train,1220,1220,288480
928,40,,65,train,1220,1220,30050
469,40,,232,train,1220,1220,120200
357,40,,235,train,1220,1220,126210
299,40,,288,train,1220,1220,150250
7,40,,153,train,1220,1220,78130
240,40,,349,train,1220,1220,186310
166,40,,582,train,1220,1220,312520
537,40,,425,train,1220,1220,228380
370,40,,731,train,1220,1220,390650
85,40,,787,train,1220,1220,420700
52,41,,36,train,1220,1220,18030
25,41,,395,train,1220,1220,210350
515,41,,461,train,1220,1220,246410
672,41,,190,train,1220,1220,102170
167,41,,469,train,1220,1220,252420
349,41,,29,train,1220,1220,12020
622,41,,1000,train,1220,1220,540900
563,41,,864,train,1220,1220,462770
507,41,,254,train,1220,1220,132220
644,41,,1000,train,1220,1220,540900
286,41,,187,train,1220,1220,96160
433,41,,665,train,1220,1220,354590
583,41,,378,train,1220,1220,204340
938,41,,535,train,1220,1220,288480
102,41,,614,train,1220,1220,330550
620,41,,49,train,1220,1220,24040
700,41,,27,train,1220,1220,12020
973,41,,92,train,1220,1220,48080
585,41,,351,train,1220,1220,186310
171,41,,289,train,1220,1220,156260
515,42,,461,train,1220,1220,246410
11,42,,43,train,1220,1220,18030
622,42,,1000,train,1220,1220,540900
90,42,,80,train,1220,1220,42070
846,42,,33,train,1220,1220,12020
286,42,,187,train,1220,1220,96160
578,42,,42,train,1220,1220,18030
433,42,,665,train,1220,1220,354590
979,42,,149,train,1220,1220,78130
736,42,,1000,train,1220,1220,540900
938,42,,535,train,1220,1220,288480
102,42,,614,train,1220,1220,330550
310,42,,126,train,1220,1220,66110
427,42,,126,train,1220,1220,66110
171,42,,289,train,1220,1220,156260
7,42,,153,train,1220,1220,78130
240,42,,349,train,1220,1220,186310
20,42,,64,train,1220,1220,30050
971,42,,195,train,1220,1220,102170
892,42,,1000,train,1220,1220,540900
415,43,,22,train,1220,1220,6010
647,43,,30,train,1220,1220,12020
515,43,,461,train,1220,1220,246410
167,43,,469,train,1220,1220,252420
622,43,,1000,train,1220,1220,540900
563,43,,864,train,1220,1220,462770
851,43,,157,train,1220,1220,84140
578,43,,42,train,1220,1220,18030
453,43,,45,train,1220,1220,24040
726,43,,79,train,1220,1220,42070
326,43,,321,train,1220,1220,168280
583,43,,378,train,1220,1220,204340
736,43,,1000,train,1220,1220,540900
938,43,,535,train,1220,1220,288480
96,43,,38,train,1220,1220,18030
469,43,,232,train,1220,1220,120200
171,43,,289,train,1220,1220,156260
348,43,,138,train,1220,1220,72120
545,43,,210,train,1220,1220,108180
522,43,,47,train,1220,1220,24040
482,44,,33,train,1220,1220,12020
25,44,,395,train,1220,1220,210350
179,44,,135,train,1220,1220,72120
308,44,,66,train,1220,1220,30050
113,44,,26,train,1220,1220,12020
622,44,,1000,train,1220,1220,540900
563,44,,864,train,1220,1220,462770
373,44,,18,train,1220,1220,6010
855,44,,250,train,1220,1220,132220
369,44,,268,train,1220,1220,144240
433,44,,665,train,1220,1220,354590
736,44,,1000,train,1220,1220,540900
102,44,,614,train,1220,1220,330550
694,44,,73,train,1220,1220,36060
469,44,,232,train,1220,1220,120200
157,44,,291,train,1220,1220,156260
585,44,,351,train,1220,1220,186310
849,44,,582,train,1220,1220,312520
427,44,,126,train,1220,1220,66110
228,44,,25,train,1220,1220,12020
508,45,,171,train,1220,1220,90150
626,45,,53,train,1220,1220,24040
276,45,,154,train,1220,1220,78130
167,45,,469,train,1220,1220,252420
622,45,,1000,train,1220,1220,540900
645,45,,19,train,1220,1220,6010
90,45,,80,train,1220,1220,42070
846,45,,33,train,1220,1220,12020
433,45,,665,train,1220,1220,354590
326,45,,321,train,1220,1220,168280
102,45,,614,train,1220,1220,330550
856,45,,106,train,1220,1220,54090
299,45,,288,train,1220,1220,150250
7,45,,153,train,1220,1220,78130
166,45,,582,train,1220,1220,312520
881,45,,235,train,1220,1220,126210
642,45,,119,train,1220,1220,60100
97,45,,1000,train,1220,1220,540900
354,45,,496,train,1220,1220,264440
943,45,,290,train,1220,1220,156260
25,46,,395,train,1220,1220,210350
308,46,,66,train,1220,1220,30050
888,46,,26,train,1220,1220,12020
110,46,,186,train,1220,1220,96160
855,46,,250,train,1220,1220,132220
644,46,,1000,train,1220,1220,540900
433,46,,665,train,1220,1220,354590
326,46,,321,train,1220,1220,168280
102,46,,614,train,1220,1220,330550
310,46,,126,train,1220,1220,66110
469,46,,232,train,1220,1220,120200
585,46,,351,train,1220,1220,186310
554,46,,327,train,1220,1220,174290
20,46,,64,train,1220,1220,30050
971,46,,195,train,1220,1220,102170
892,46,,1000,train,1220,1220,540900
166,46,,582,train,1220,1220,312520
370,46,,731,train,1220,1220,390650
642,46,,119,train,1220,1220,60100
85,46,,787,train,1220,1220,420700
52,47,,36,train,1220,1220,18030
25,47,,395,train,1220,1220,210350
515,47,,461,train,1220,1220,246410
672,47,,190,train,1220,1220,102170
167,47,,469,train,1220,1220,252420
349,47,,29,train,1220,1220,12020
622,47,,1000,train,1220,1220,540900
563,47,,864,train,1220,1220,462770
507,47,,254,train,1220,1220,132220
644,47,,1000,train,1220,1220,540900
286,47,,187,train,1220,1220,96160
433,47,,665,train,1220,1220,354590
583,47,,378,train,1220,1220,204340
938,47,,535,train,1220,1220,288480
102,47,,614,train,1220,1220,330550
620,47,,49,train,1220,1220,24040
700,47,,27,train,1220,1220,12020
973,47,,92,train,1220,1220,48080
585,47,,351,train,1220,1220,186310
171,47,,289,train,1220,1220,156260
508,48,,171,train,1220,1220,90150
276,48,,154,train,1220,1220,78130
622,48,,1000,train,1220,1220,540900
509,48,,91,train,1220,1220,48080
720,48,,321,train,1220,1220,168280
433,48,,665,train,1220,1220,354590
736,48,,1000,train,1220,1220,540900
102,48,,614,train,1220,1220,330550
973,48,,92,train,1220,1220,48080
481,48,,106,train,1220,1220,54090
849,48,,582,train,1220,1220,312520
554,48,,327,train,1220,1220,174290
545,48,,210,train,1220,1220,108180
7,48,,153,train,1220,1220,78130
186,48,,47,train,1220,1220,24040
840,48,,10,train,1220,1220,0
537,48,,425,train,1220,1220,228380
370,48,,731,train,1220,1220,390650
103,48,,26,train,1220,1220,12020
97,48,,1000,train,1220,1220,540900
415,49,,22,train,1220,1220,6010
647,49,,30,train,1220,1220,12020
515,49,,461,train,1220,1220,246410
167,49,,469,train,1220,1220,252420
622,49,,1000,train,1220,1220,540900
563,49,,864,train,1220,1220,462770
851,49,,157,train,1220,1220,84140
578,49,,42,train,1220,1220,18030
453,49,,45,train,1220,1220,24040
726,49,,79,train,1220,1220,42070
326,49,,321,train,1220,1220,168280
583,49,,378,train,1220,1220,204340
736,49,,1000,train,1220,1220,540900
938,49,,535,train,1220,1220,288480
96,49,,38,train,1220,1220,18030
469,49,,232,train,1220,1220,120200
171,49,,289,train,1220,1220,156260
348,49,,138,train,1220,1220,72120
545,49,,210,train,1220,1220,108180
522,49,,47,train,1220,1220,24040
626,50,,53,train,1220,1220,24040
415,50,,22,train,1220,1220,6010
515,50,,461,train,1220,1220,246410
167,50,,469,train,1220,1220,252420
207,50,,121,train,1220,1220,60100
645,50,,19,train,1220,1220,6010
563,50,,864,train,1220,1220,462770
90,50,,80,train,1220,1220,42070
369,50,,268,train,1220,1220,144240
846,50,,33,train,1220,1220,12020
286,50,,187,train,1220,1220,96160
433,50,,665,train,1220,1220,354590
558,50,,124,train,1220,1220,66110
326,50,,321,train,1220,1220,168280
102,50,,614,train,1220,1220,330550
310,50,,126,train,1220,1220,66110
157,50,,291,train,1220,1220,156260
171,50,,289,train,1220,1220,156260
7,50,,153,train,1220,1220,78130
892,50,,1000,train,1220,1220,540900
